NEXT 1000 BLOCKS — PRE-SOLVED
nos3bl33d / (DFG) DeadFoxGroup | x^2 = x + 1
Generated 2026-04-10 22:59:13 UTC
From block 944526 forward, 2016 blocks per step
Pentagon rotation: 530,887,154 nonces per difficulty adjustment

STEP  BLOCK_START  HALVENING  PRED_NONCE      NSWAP_NONCE     MIRROR
-------------------------------------------------------------------------------------
  468      943,488          4     789,565,759   4,075,822,579   1,070,665,519
  469      945,504          4     258,678,605   4,038,521,300   1,293,904,655
  470      947,520          4   4,022,758,747   4,268,545,717   1,533,921,007
  471      949,536          4   3,491,871,593     219,331,478   1,773,871,568
  472      951,552          4   2,960,984,439     198,676,599   1,997,110,704
  473      953,568          4   2,430,097,285     160,265,560   2,237,126,800
  474      955,584          4   1,899,210,131     389,241,401   2,477,077,361
  475      957,600          4   1,368,322,977     367,542,042   2,717,093,457
  476      959,616          4     837,435,823     330,175,738   2,940,332,593
  477      961,632          4     306,548,669     559,216,859   3,180,283,154
  478      963,648          4   4,070,628,811     789,241,276   3,420,299,506
  479      965,664          4   3,539,741,657     768,586,397   3,643,538,642
  480      967,680          4   3,008,854,503     997,562,238   3,883,489,203
  481      969,696          4   2,477,967,349     959,151,199   4,123,505,299
  482      971,712          4   1,947,080,195   1,205,887,280      51,777,140
  483      973,728          4   1,416,193,041   1,167,476,241     291,793,236
  484      975,744          4     885,305,887   1,129,065,457     531,809,332
  485      977,760          4     354,418,733   1,359,085,778     754,982,933
  486      979,776          4   4,118,498,875   1,605,887,155     994,999,285
  487      981,792          4   3,587,611,721   1,567,476,116   1,235,015,381
  488      983,808          4   3,056,724,567   1,796,451,957   1,474,965,942
  489      985,824          4   2,525,837,413   1,775,797,078   1,698,205,078
  490      987,840          4   1,994,950,259   1,737,386,039   1,938,221,174
  491      989,856          4   1,464,063,105   1,966,361,880   2,178,171,735
  492      991,872          4     933,175,951   1,945,707,256   2,401,410,871
  493      993,888          4     402,288,797   1,907,296,217   2,641,426,967
  494      995,904          4   4,166,368,939   2,404,772,794   2,881,377,784
  495      997,920          4   3,635,481,785   2,367,406,235   3,104,616,920
  496      999,936          4   3,104,594,631   2,613,093,756   3,344,567,481
  497    1,001,952          4   2,573,707,477   2,574,682,717   3,584,583,577
  498    1,003,968          4   2,042,820,323   2,536,271,678   3,824,599,673
  499    1,005,984          4   1,511,933,169   2,783,003,679   4,047,773,274
  500    1,008,000          4     981,046,015   2,744,592,895   4,287,789,370
  501    1,010,016          4     450,158,861   2,706,185,936     232,903,706
  502    1,012,032          4   4,214,239,003   3,204,706,993     456,077,563
  503    1,014,048          4   3,683,351,849   3,183,007,634     696,093,659
  504    1,016,064          4   3,152,464,695   3,144,596,595     936,109,755
  505    1,018,080          4   2,621,577,541   3,374,616,916   1,159,283,356
  506    1,020,096          4   2,090,690,387   3,352,917,557   1,399,299,452
  507    1,022,112          4   1,559,803,233   3,314,506,518   1,639,315,548
  508    1,024,128          4   1,028,916,079   3,544,527,094   1,862,489,149
  509    1,026,144          4     498,028,925   3,522,827,735   2,102,505,245
  510    1,028,160          4   4,262,109,067   4,020,304,312   2,342,456,062
  511    1,030,176          4   3,731,221,913   3,981,893,273   2,582,472,158
  512    1,032,192          4   3,200,334,759   3,944,526,714   2,805,711,294
  513    1,034,208          4   2,669,447,605   4,190,214,235   3,045,661,855
  514    1,036,224          4   2,138,560,451   4,151,803,196   3,285,677,951
  515    1,038,240          4   1,607,673,297   4,114,436,637   3,508,917,087
  516    1,040,256          4   1,076,786,143      81,934,333   3,748,867,648
  517    1,042,272          4     545,898,989      43,523,294   3,988,883,744
  518    1,044,288          4      15,011,835       6,222,015   4,212,122,880
  519    1,046,304          4   3,779,091,977     503,637,392     157,171,937
  520    1,048,320          4   3,248,204,823     481,938,033     397,188,033
  521    1,050,336          5   2,363,392,900   3,370,989,640   2,223,234,700
  522    1,052,352          5   1,832,505,746   3,599,965,481   2,463,185,261
  523    1,054,368          5   1,301,618,592   3,562,664,202   2,686,424,397
  524    1,056,384          5     770,731,438   3,524,253,418   2,926,440,493
  525    1,058,400          5     239,844,284   3,769,940,939   3,166,391,054
  526    1,060,416          5   4,003,924,426   4,001,009,836   3,389,630,446
  527    1,062,432          5   3,473,037,272   4,229,985,677   3,629,581,007
  528    1,064,448          5   2,942,150,118   4,208,286,318   3,869,597,103
  529    1,066,464          5   2,411,262,964   4,169,875,279   4,109,613,199
  530    1,068,480          5   1,880,375,810     121,709,600      37,885,040
  531    1,070,496          5   1,349,488,656     100,010,241     277,901,136
  532    1,072,512          5     818,601,502      61,664,737     517,917,232
  533    1,074,528          5     287,714,348     291,685,058     741,090,833
  534    1,076,544          5   4,051,794,490     521,709,475     981,107,185
  535    1,078,560          5   3,520,907,336     500,010,116   1,221,123,281
  536    1,080,576          5   2,990,020,182     730,030,437   1,444,296,882
  537    1,082,592          5   2,459,133,028     691,619,398   1,684,312,978
  538    1,084,608          5   1,928,245,874     669,920,039   1,924,329,074
  539    1,086,624          5   1,397,358,720     899,940,360   2,147,502,675
  540    1,088,640          5     866,471,566     861,594,856   2,387,518,771
  541    1,090,656          5     335,584,412   1,090,570,697   2,627,469,332
  542    1,092,672          5   4,099,664,554   1,337,306,794   2,867,485,684
  543    1,094,688          5   3,568,777,400   1,299,940,235   3,090,724,820
  544    1,096,704          5   3,037,890,246   1,528,916,076   3,330,675,381
  545    1,098,720          5   2,507,003,092   1,507,216,717   3,570,691,477
  546    1,100,736          5   1,976,115,938   1,469,850,158   3,793,930,613
  547    1,102,752          5   1,445,228,784   1,698,825,999   4,033,881,174
  548    1,104,768          5     914,341,630   1,677,192,175   4,273,897,270
  549    1,106,784          5     383,454,476   1,639,829,696     202,234,646
  550    1,108,800          5   4,147,534,618   2,137,240,993     442,185,463
  551    1,110,816          5   3,616,647,464   2,098,829,954     682,201,559
  552    1,112,832          5   3,085,760,310   2,077,130,595     922,217,655
  553    1,114,848          5   2,554,873,156   2,307,150,916   1,145,391,256
  554    1,116,864          5   2,023,986,002   2,268,739,877   1,385,407,352
  555    1,118,880          5   1,493,098,848   2,247,040,518   1,625,423,448
  556    1,120,896          5     962,211,694   2,477,126,374   1,848,597,049
  557    1,122,912          5     431,324,540   2,438,715,335   2,088,613,145
  558    1,124,928          5   4,195,404,682   2,936,126,632   2,328,563,962
  559    1,126,944          5   3,664,517,528   2,915,471,753   2,551,803,098
  560    1,128,960          5   3,133,630,374   2,877,060,714   2,791,819,194
  561    1,130,976          5   2,602,743,220   3,106,036,555   3,031,769,755
  562    1,132,992          5   2,071,856,066   3,085,381,676   3,255,008,891
  563    1,135,008          5   1,540,968,912   3,046,970,637   3,495,024,987
  564    1,137,024          5   1,010,081,758   3,276,012,013   3,734,975,548
  565    1,139,040          5     479,194,604   3,254,312,654   3,974,991,644
  566    1,141,056          5   4,243,274,746   3,485,381,551   4,198,231,036
  567    1,143,072          5   3,712,387,592   3,714,361,472     143,279,837
  568    1,145,088          5   3,181,500,438   3,675,950,433     383,295,933
  569    1,147,104          5   2,650,613,284   3,655,295,554     606,535,069
  570    1,149,120          5   2,119,726,130   3,884,271,395     846,485,630
  571    1,151,136          5   1,588,838,976   3,845,860,356   1,086,501,726
  572    1,153,152          5   1,057,951,822   4,092,592,612   1,309,675,327
  573    1,155,168          5     527,064,668   4,054,246,853   1,549,691,423
  574    1,157,184          5   4,291,144,810   4,284,271,270   1,789,707,775
  575    1,159,200          5   3,760,257,656     235,057,031   2,029,658,336
  576    1,161,216          5   3,229,370,502     214,402,152   2,252,897,472
  577    1,163,232          5   2,698,483,348     175,991,113   2,492,913,568
  578    1,165,248          5   2,167,596,194     404,966,954   2,732,864,129
  579    1,167,264          5   1,636,709,040     384,312,075   2,956,103,265
  580    1,169,280          5   1,105,821,886     345,901,291   3,196,119,361
  581    1,171,296          5     574,934,732     574,942,412   3,436,069,922
  582    1,173,312          5      44,047,578     537,575,853   3,659,309,058
  583    1,175,328          5   3,808,127,720     784,311,950   3,899,325,410
  584    1,177,344          5   3,277,240,566   1,013,287,791   4,139,275,971
  585    1,179,360          5   2,746,353,412     975,925,312      67,613,347
  586    1,181,376          5   2,215,466,258   1,221,612,833     307,563,908
  587    1,183,392          5   1,684,579,104   1,183,201,794     547,580,004
  588    1,185,408          5   1,153,691,950   1,144,791,010     787,596,100
  589    1,187,424          5     622,804,796   1,391,588,291   1,010,769,701
  590    1,189,440          5      91,917,642   1,353,177,252   1,250,785,797
  591    1,191,456          5   3,855,997,784   1,583,201,669   1,490,802,149
  592    1,193,472          5   3,325,110,630   1,813,221,990   1,713,975,750
  593    1,195,488          5   2,794,223,476   1,791,522,631   1,953,991,846
  594    1,197,504          5   2,263,336,322   1,753,111,592   2,194,007,942
  595    1,199,520          5   1,732,449,168   1,983,131,913   2,417,181,543
  596    1,201,536          5   1,201,562,014   1,961,432,809   2,657,197,639
  597    1,203,552          5     670,674,860   1,923,087,050   2,897,213,735
  598    1,205,568          5     139,787,706   2,152,062,891   3,137,164,296
  599    1,207,584          5   3,903,867,848   2,383,131,788   3,360,403,688
  600    1,209,600          5   3,372,980,694   2,628,819,309   3,600,354,249
  601    1,211,616          5   2,842,093,540   2,590,408,270   3,840,370,345
  602    1,213,632          5   2,311,206,386   2,553,041,711   4,063,609,481
  603    1,215,648          5   1,780,319,232   2,798,733,312       8,658,282
  604    1,217,664          5   1,249,432,078   2,760,322,528     248,674,378
  605    1,219,680          5     718,544,924   2,722,955,969     471,913,514
  606    1,221,696          5     187,657,770   2,968,708,770     711,864,075
  607    1,223,712          5   3,951,737,912   3,198,733,187     951,880,427
  608    1,225,728          5   3,420,850,758   3,161,366,628   1,175,119,563
  609    1,227,744          5   2,889,963,604   3,390,342,469   1,415,070,124
  610    1,229,760          5   2,359,076,450   3,368,643,110   1,655,086,220
  611    1,231,776          5   1,828,189,296   3,330,232,071   1,895,102,316
  612    1,233,792          5   1,297,302,142   3,560,252,647   2,118,275,917
  613    1,235,808          5     766,414,988   3,538,553,288   2,358,292,013
  614    1,237,824          5     235,527,834   3,767,594,409   2,598,242,574
  615    1,239,840          5   3,999,607,976   3,998,663,306   2,821,481,966
  616    1,241,856          5   3,468,720,822   3,960,252,267   3,061,498,062
  617    1,243,872          5   2,937,833,668   4,205,939,788   3,301,448,623
  618    1,245,888          5   2,406,946,514   4,168,573,229   3,524,687,759
  619    1,247,904          5   1,876,059,360   4,130,162,190   3,764,703,855
  620    1,249,920          5   1,345,172,206      97,659,886   4,004,654,416
  621    1,251,936          5     814,285,052      60,293,327   4,227,893,552
  622    1,253,952          5     283,397,898      21,951,648     173,007,888
  623    1,255,968          5   4,047,478,040     536,074,625     412,958,705
  624    1,257,984          5   3,516,590,886     497,663,586     652,974,801
  625    1,260,000          6   2,631,778,963   3,386,715,193   2,479,021,468
  626    1,262,016          6   2,100,891,809   3,616,735,514   2,702,195,069
  627    1,264,032          6   1,570,004,655   3,578,390,010   2,942,211,165
  628    1,266,048          6   1,039,117,501   3,556,690,651   3,182,227,261
  629    1,268,064          6     508,230,347   3,785,666,492   3,422,177,822
  630    1,270,080          6   4,272,310,489   4,016,735,389   3,645,417,214
  631    1,272,096          6   3,741,423,335   4,245,711,230   3,885,367,775
  632    1,274,112          6   3,210,536,181   4,224,011,871   4,125,383,871
  633    1,276,128          6   2,679,649,027   4,186,649,392      53,721,247
  634    1,278,144          6   2,148,761,873     137,435,153     293,671,808
  635    1,280,160          6   1,617,874,719     115,801,329     533,687,904
  636    1,282,176          6   1,086,987,565      78,434,770     756,927,040
  637    1,284,192          6     556,100,411     307,410,611     996,877,601
  638    1,286,208          6      25,213,257     268,999,572   1,236,893,697
  639    1,288,224          6   3,789,293,399     516,780,149   1,460,133,089
  640    1,290,240          6   3,258,406,245     745,755,990   1,700,083,650
  641    1,292,256          6   2,727,519,091     707,344,951   1,940,099,746
  642    1,294,272          6   2,196,631,937     685,645,592   2,180,115,842
  643    1,296,288          6   1,665,744,783     915,731,448   2,403,289,443
  644    1,298,304          6   1,134,857,629     877,320,409   2,643,305,539
  645    1,300,320          6     603,970,475     855,621,050   2,883,321,635
  646    1,302,336          6      73,083,321   1,085,641,371   3,106,495,236
  647    1,304,352          6   3,837,163,463   1,315,665,788   3,346,511,588
  648    1,306,368          6   3,306,276,309   1,544,641,629   3,586,462,149
  649    1,308,384          6   2,775,389,155   1,523,986,750   3,809,701,285
  650    1,310,400          6   2,244,502,001   1,485,575,711   4,049,717,381
  651    1,312,416          6   1,713,614,847   1,714,617,087   4,289,667,942
  652    1,314,432          6   1,182,727,693   1,692,921,808     234,782,278
  653    1,316,448          6     651,840,539   1,655,555,249     458,021,414
  654    1,318,464          6     120,953,385   1,884,531,090     697,971,975
  655    1,320,480          6   3,885,033,527   2,114,555,507     937,988,327
  656    1,322,496          6   3,354,146,373   2,093,900,628   1,161,227,463
  657    1,324,512          6   2,823,259,219   2,322,876,469   1,401,178,024
  658    1,326,528          6   2,292,372,065   2,284,465,430   1,641,194,120
  659    1,328,544          6   1,761,484,911   2,263,810,806   1,864,433,256
  660    1,330,560          6   1,230,597,757   2,492,851,927   2,104,383,817
  661    1,332,576          6     699,710,603   2,454,440,888   2,344,399,913
  662    1,334,592          6     168,823,449   2,684,461,209   2,567,573,514
  663    1,336,608          6   3,932,903,591   2,931,197,306   2,807,589,866
  664    1,338,624          6   3,402,016,437   2,892,786,267   3,047,605,962
  665    1,340,640          6   2,871,129,283   3,121,762,108   3,287,556,523
  666    1,342,656          6   2,340,242,129   3,101,107,229   3,510,795,659
  667    1,344,672          6   1,809,354,975   3,062,696,445   3,750,811,755
  668    1,346,688          6   1,278,467,821   3,291,737,566   3,990,762,316
  669    1,348,704          6     747,580,667   3,271,082,687   4,214,001,452
  670    1,350,720          6     216,693,513   3,232,675,728     159,115,788
  671    1,352,736          6   3,980,773,655   3,730,087,025     399,066,605
  672    1,354,752          6   3,449,886,501   3,692,720,466     622,305,741
  673    1,356,768          6   2,918,999,347   3,671,021,107     862,321,837
  674    1,358,784          6   2,388,112,193   3,899,996,948   1,102,272,398
  675    1,360,800          6   1,857,225,039   3,862,630,644   1,325,511,534
  676    1,362,816          6   1,326,337,885   4,108,383,445   1,565,462,095
  677    1,364,832          6     795,450,731   4,069,972,406   1,805,478,191
  678    1,366,848          6     264,563,577   4,031,561,367   2,045,494,287
  679    1,368,864          6   4,028,643,719     251,827,064   2,268,668,144
  680    1,370,880          6   3,497,756,565     230,127,705   2,508,684,240
  681    1,372,896          6   2,966,869,411     191,716,666   2,748,700,336
  682    1,374,912          6   2,435,982,257     421,736,987   2,971,873,937
  683    1,376,928          6   1,905,095,103     400,037,883   3,211,890,033
  684    1,378,944          6   1,374,207,949     361,692,124   3,451,906,129
  685    1,380,960          6     843,320,795     591,712,445   3,675,079,730
  686    1,382,976          6     312,433,641     570,013,086   3,915,095,826
  687    1,384,992          6   4,076,513,783     800,037,503   4,155,112,178
  688    1,387,008          6   3,545,626,629   1,029,017,424     100,160,979
  689    1,389,024          6   3,014,739,475     991,650,865     323,400,115
  690    1,391,040          6   2,483,852,321   1,237,338,386     563,350,676
  691    1,393,056          6   1,952,965,167   1,198,927,602     803,366,772
  692    1,395,072          6   1,422,078,013   1,161,561,043   1,026,605,908
  693    1,397,088          6     891,190,859   1,407,313,844   1,266,556,469
  694    1,399,104          6     360,303,705   1,368,902,805   1,506,572,565
  695    1,401,120          6   4,124,383,847   1,599,971,702   1,729,811,957
  696    1,403,136          6   3,593,496,693   1,828,947,543   1,969,762,518
  697    1,405,152          6   3,062,609,539   1,807,248,184   2,209,778,614
  698    1,407,168          6   2,531,722,385   1,769,881,625   2,433,017,750
  699    1,409,184          6   2,000,835,231   1,998,857,721   2,672,968,311
  700    1,411,200          6   1,469,948,077   1,977,158,362   2,912,984,407
  701    1,413,216          6     939,060,923   1,938,812,603   3,153,000,503
  702    1,415,232          6     408,173,769   2,168,832,924   3,376,174,104
  703    1,417,248          6   4,172,253,911   2,415,569,021   3,616,190,456
  704    1,419,264          6   3,641,366,757   2,644,544,862   3,856,141,017
  705    1,421,280          6   3,110,479,603   2,607,178,303   4,079,380,153
  706    1,423,296          6   2,579,592,449   2,568,771,344      24,494,489
  707    1,425,312          6   2,048,705,295   2,814,459,120     264,445,050
  708    1,427,328          6   1,517,818,141   2,777,092,561     487,684,186
  709    1,429,344          6     986,930,987   2,738,746,802     727,700,282
  710    1,431,360          6     456,043,833   2,984,434,323     967,650,843
  711    1,433,376          6   4,220,123,975   3,214,458,740   1,207,667,195
  712    1,435,392          6   3,689,236,821   3,177,092,181   1,430,906,331
  713    1,437,408          6   3,158,349,667   3,406,068,022   1,670,856,892
  714    1,439,424          6   2,627,462,513   3,384,368,663   1,910,872,988
  715    1,441,440          6   2,096,575,359   3,347,002,359   2,134,112,124
  716    1,443,456          6   1,565,688,205   3,575,978,200   2,374,062,685
  717    1,445,472          6   1,034,801,051   3,554,344,121   2,614,078,781
  718    1,447,488          6     503,913,897   3,784,364,442   2,837,252,382
  719    1,449,504          6   4,267,994,039   4,014,388,859   3,077,268,734
  720    1,451,520          6   3,737,106,885   3,992,689,500   3,317,284,830
  721    1,453,536          6   3,206,219,731   4,222,709,821   3,540,458,431
  722    1,455,552          6   2,675,332,577   4,184,298,782   3,780,474,527
  723    1,457,568          6   2,144,445,423   4,145,887,998   4,020,490,623
  724    1,459,584          6   1,613,558,269     113,385,439   4,260,441,184
  725    1,461,600          6   1,082,671,115      76,022,960     188,778,560
  726    1,463,616          6     551,783,961      37,677,201     428,794,656
  727    1,465,632          6      20,896,807     283,364,722     668,745,217
  728    1,467,648          6   3,784,976,949     514,433,619     891,984,609
  729    1,469,664          6   3,254,089,795     476,022,580   1,132,000,705
  730    1,471,680          7   2,369,277,872   3,632,526,347   2,957,981,837
  731    1,473,696          7   1,838,390,718   3,594,115,563   3,197,997,933
  732    1,475,712          7   1,307,503,564   3,572,416,204   3,438,014,029
  733    1,477,728          7     776,616,410   3,802,436,525   3,661,187,630
  734    1,479,744          7     245,729,256   3,764,025,486   3,901,203,726
  735    1,481,760          7   4,009,809,398   4,261,436,783   4,141,154,543
  736    1,483,776          7   3,478,922,244   4,240,785,984      69,491,919
  737    1,485,792          7   2,948,035,090   4,202,374,945     309,508,015
  738    1,487,808          7   2,417,147,936     153,160,706     549,458,576
  739    1,489,824          7   1,886,260,782     132,571,362     772,697,712
  740    1,491,840          7   1,355,373,628      94,160,323   1,012,713,808
  741    1,493,856          7     824,486,474     323,136,164   1,252,664,369
  742    1,495,872          7     293,599,320     301,436,805   1,492,680,465
  743    1,497,888          7   4,057,679,462     532,505,702   1,715,919,857
  744    1,499,904          7   3,526,792,308     761,481,543   1,955,870,418
  745    1,501,920          7   2,995,905,154     723,070,504   2,195,886,514
  746    1,503,936          7   2,465,018,000     702,415,625   2,419,125,650
  747    1,505,952          7   1,934,130,846     931,457,001   2,659,076,211
  748    1,507,968          7   1,403,243,692     893,045,962   2,899,092,307
  749    1,509,984          7     872,356,538     872,391,083   3,122,331,443
  750    1,512,000          7     341,469,384   1,101,366,924   3,362,282,004
  751    1,514,016          7   4,105,549,526   1,331,391,341   3,602,298,356
  752    1,516,032          7   3,574,662,372   1,561,411,662   3,825,471,957
  753    1,518,048          7   3,043,775,218   1,539,712,303   4,065,488,053
  754    1,520,064          7   2,512,888,064   1,501,305,344      10,602,389
  755    1,522,080          7   1,982,000,910   1,730,346,720     250,552,950
  756    1,524,096          7   1,451,113,756   1,709,691,841     473,792,086
  757    1,526,112          7     920,226,602   1,671,280,802     713,808,182
  758    1,528,128          7     389,339,448   1,900,256,643     953,758,743
  759    1,530,144          7   4,153,419,590   2,131,325,540   1,176,998,135
  760    1,532,160          7   3,622,532,436   2,109,626,181   1,417,014,231
  761    1,534,176          7   3,091,645,282   2,338,602,022   1,656,964,792
  762    1,536,192          7   2,560,758,128   2,301,235,463   1,880,203,928
  763    1,538,208          7   2,029,870,974   2,279,601,639   2,120,220,024
  764    1,540,224          7   1,498,983,820   2,508,577,480   2,360,170,585
  765    1,542,240          7     968,096,666   2,470,166,441   2,600,186,681
  766    1,544,256          7     437,209,512   2,716,898,442   2,823,360,282
  767    1,546,272          7   4,201,289,654   2,946,922,859   3,063,376,634
  768    1,548,288          7   3,670,402,500   2,908,511,820   3,303,392,730
  769    1,550,304          7   3,139,515,346   3,138,532,141   3,526,566,331
  770    1,552,320          7   2,608,628,192   3,116,832,782   3,766,582,427
  771    1,554,336          7   2,077,741,038   3,078,487,278   4,006,598,523
  772    1,556,352          7   1,546,853,884   3,308,507,599   4,229,772,124
  773    1,558,368          7   1,015,966,730   3,286,812,320     174,886,460
  774    1,560,384          7     485,079,576   3,248,401,281     414,902,556
  775    1,562,400          7   4,249,159,718   3,746,857,058     638,076,413
  776    1,564,416          7   3,718,272,564   3,708,446,019     878,092,509
  777    1,566,432          7   3,187,385,410   3,686,746,660   1,118,108,605
  778    1,568,448          7   2,656,498,256   3,915,722,501   1,358,059,166
  779    1,570,464          7   2,125,611,102   3,878,356,197   1,581,298,302
  780    1,572,480          7   1,594,723,948   4,124,108,998   1,821,248,863
  781    1,574,496          7   1,063,836,794   4,085,697,959   2,061,264,959
  782    1,576,512          7     532,949,640   4,048,331,400   2,284,504,095
  783    1,578,528          7       2,062,486      15,828,841   2,524,454,656
  784    1,580,544          7   3,766,142,628     245,853,258   2,764,471,008
  785    1,582,560          7   3,235,255,474     208,486,699   2,987,710,144
  786    1,584,576          7   2,704,368,320     437,462,540   3,227,660,705
  787    1,586,592          7   2,173,481,166     415,763,436   3,467,676,801
  788    1,588,608          7   1,642,594,012     377,417,677   3,707,692,897
  789    1,590,624          7   1,111,706,858     607,437,998   3,930,866,498
  790    1,592,640          7     580,819,704     585,738,639   4,170,882,594
  791    1,594,656          7      49,932,550     547,331,680     115,996,930
  792    1,596,672          7   3,814,012,692   1,045,787,457     339,170,787
  793    1,598,688          7   3,283,125,538   1,007,376,418     579,186,883
  794    1,600,704          7   2,752,238,384   1,253,063,939     819,137,444
  795    1,602,720          7   2,221,351,230   1,215,697,635   1,042,376,580
  796    1,604,736          7   1,690,464,076   1,177,351,876   1,282,392,676
  797    1,606,752          7   1,159,576,922   1,423,039,397   1,522,343,237
  798    1,608,768          7     628,689,768   1,385,672,838   1,745,582,373
  799    1,610,784          7      97,802,614   1,347,261,799   1,985,598,469
  800    1,612,800          7   3,861,882,756   1,861,384,776   2,225,549,286
  801    1,614,816          7   3,330,995,602   1,822,973,737   2,465,565,382
  802    1,616,832          7   2,800,108,448   1,785,607,178   2,688,804,518
  803    1,618,848          7   2,269,221,294   2,014,583,274   2,928,755,079
  804    1,620,864          7   1,738,334,140   1,992,949,195   3,168,771,175
  805    1,622,880          7   1,207,446,986   1,955,582,636   3,392,010,311
  806    1,624,896          7     676,559,832   2,184,558,477   3,631,960,872
  807    1,626,912          7     145,672,678   2,162,859,118   3,871,976,968
  808    1,628,928          7   3,909,752,820   2,661,314,895   4,095,150,825
  809    1,630,944          7   3,378,865,666   2,622,907,936      40,265,161
  810    1,632,960          7   2,847,978,512   2,584,496,897     280,281,257
  811    1,634,976          7   2,317,091,358   2,831,229,153     503,454,858
  812    1,636,992          7   1,786,204,204   2,792,818,114     743,470,954
  813    1,639,008          7   1,255,317,050   2,754,472,355     983,487,050
  814    1,641,024          7     724,429,896   3,000,159,876   1,223,437,611
  815    1,643,040          7     193,542,742   2,962,793,317   1,446,676,747
  816    1,645,056          7   3,957,622,884   3,192,817,734   1,686,693,099
  817    1,647,072          7   3,426,735,730   3,438,505,255   1,926,643,660
  818    1,649,088          7   2,895,848,576   3,401,138,696   2,149,882,796
  819    1,651,104          7   2,364,961,422   3,362,727,912   2,389,898,892
  820    1,653,120          7   1,834,074,268   3,591,703,753   2,629,849,453
  821    1,655,136          7   1,303,187,114   3,571,114,154   2,853,088,589
  822    1,657,152          7     772,299,960   3,800,089,995   3,093,039,150
  823    1,659,168          7     241,412,806   3,761,678,956   3,333,055,246
  824    1,661,184          7   4,005,492,948   4,008,415,053   3,573,071,598
  825    1,663,200          7   3,474,605,794   4,238,435,374   3,796,245,199
  826    1,665,216          7   2,943,718,640   4,200,024,335   4,036,261,295
  827    1,667,232          7   2,412,831,486   4,161,613,551   4,276,277,391
  828    1,669,248          7   1,881,944,332     130,159,552     204,549,232
  829    1,671,264          7   1,351,057,178      91,813,793     444,565,328
  830    1,673,280          7     820,170,024      53,402,754     684,581,424
  831    1,675,296          7     289,282,870     300,134,755     907,755,025
  832    1,677,312          7   4,053,363,012     530,159,172   1,147,771,377
  833    1,679,328          7   3,522,475,858     491,748,133   1,387,787,473
  834    1,681,344          8   2,637,663,935   3,648,252,155   3,213,768,605
  835    1,683,360          8   2,106,776,781   3,609,841,116   3,453,784,701
  836    1,685,376          8   1,575,889,627   3,589,186,237   3,677,023,837
  837    1,687,392          8   1,045,002,473   3,818,162,078   3,916,974,398
  838    1,689,408          8     514,115,319   3,779,751,039   4,156,990,494
  839    1,691,424          8   4,278,195,461   4,278,210,896      85,262,591
  840    1,693,440          8   3,747,308,307   4,256,511,537     325,278,687
  841    1,695,456          8   3,216,421,153   4,218,100,498     565,294,783
  842    1,697,472          8   2,685,533,999     168,951,794     805,245,344
  843    1,699,488          8   2,154,646,845     148,296,915   1,028,484,480
  844    1,701,504          8   1,623,759,691     109,885,876   1,268,500,576
  845    1,703,520          8   1,092,872,537     338,861,717   1,508,451,137
  846    1,705,536          8     561,985,383     318,206,838   1,731,690,273
  847    1,707,552          8      31,098,229     279,795,799   1,971,706,369
  848    1,709,568          8   3,795,178,371     777,207,096   2,211,657,186
  849    1,711,584          8   3,264,291,217     739,840,537   2,434,896,322
  850    1,713,600          8   2,733,404,063     718,206,713   2,674,912,418
  851    1,715,616          8   2,202,516,909     947,182,554   2,914,862,979
  852    1,717,632          8   1,671,629,755     909,815,995   3,138,102,115
  853    1,719,648          8   1,140,742,601     888,116,636   3,378,118,211
  854    1,721,664          8     609,855,447   1,117,092,477   3,618,068,772
  855    1,723,680          8      78,968,293   1,078,681,438   3,858,084,868
  856    1,725,696          8   3,843,048,435   1,577,137,215   4,081,258,725
  857    1,727,712          8   3,312,161,281   1,555,441,936      26,373,061
  858    1,729,728          8   2,781,274,127   1,517,031,152     266,389,157
  859    1,731,744          8   2,250,386,973   1,747,116,753     489,562,758
  860    1,733,760          8   1,719,499,819   1,725,417,394     729,578,854
  861    1,735,776          8   1,188,612,665   1,687,006,355     969,594,950
  862    1,737,792          8     657,725,511   1,917,026,676   1,192,768,551
  863    1,739,808          8     126,838,357   1,895,327,317   1,432,784,647
  864    1,741,824          8   3,890,918,499   2,125,351,734   1,672,800,999
  865    1,743,840          8   3,360,031,345   2,355,372,055   1,895,974,600
  866    1,745,856          8   2,829,144,191   2,316,961,271   2,135,990,696
  867    1,747,872          8   2,298,257,037   2,295,327,192   2,376,006,792
  868    1,749,888          8   1,767,369,883   2,524,303,033   2,615,957,353
  869    1,751,904          8   1,236,482,729   2,486,936,474   2,839,196,489
  870    1,753,920          8     705,595,575   2,732,623,995   3,079,147,050
  871    1,755,936          8     174,708,421   2,694,212,956   3,319,163,146
  872    1,757,952          8   3,938,788,563   2,925,281,853   3,542,402,538
  873    1,759,968          8   3,407,901,409   3,154,257,694   3,782,353,099
  874    1,761,984          8   2,877,014,255   3,132,558,590   4,022,369,195
  875    1,764,000          8   2,346,127,101   3,095,257,311   4,245,608,331
  876    1,766,016          8   1,815,239,947   3,324,237,232     190,657,132
  877    1,768,032          8   1,284,352,793   3,302,537,873     430,673,228
  878    1,770,048          8     753,465,639   3,264,126,834     670,689,324
  879    1,772,064          8     222,578,485   3,494,147,155     893,862,925
  880    1,774,080          8   3,986,658,627   3,740,883,252   1,133,879,277
  881    1,776,096          8   3,455,771,473   3,702,472,213   1,373,895,373
  882    1,778,112          8   2,924,884,319   3,932,492,789   1,597,068,974
  883    1,780,128          8   2,393,997,165   3,894,147,030   1,837,085,070
  884    1,782,144          8   1,863,110,011   4,139,834,551   2,077,035,631
  885    1,784,160          8   1,332,222,857   4,102,467,992   2,300,274,767
  886    1,786,176          8     801,335,703   4,064,056,953   2,540,290,863
  887    1,788,192          8     270,448,549      31,554,394   2,780,241,424
  888    1,790,208          8   4,034,528,691     262,623,291   3,003,480,816
  889    1,792,224          8   3,503,641,537     224,212,252   3,243,496,912
  890    1,794,240          8   2,972,754,383     453,188,348   3,483,447,473
  891    1,796,256          8   2,441,867,229     431,554,269   3,723,463,569
  892    1,798,272          8   1,910,980,075     394,187,710   3,946,702,705
  893    1,800,288          8   1,380,092,921     623,163,551   4,186,653,266
  894    1,802,304          8     849,205,767     601,468,272     131,767,602
  895    1,804,320          8     318,318,613     564,101,713     355,006,738
  896    1,806,336          8   4,082,398,755   1,061,513,010     594,957,555
  897    1,808,352          8   3,551,511,601   1,039,813,651     834,973,651
  898    1,810,368          8   3,020,624,447   1,269,834,227   1,058,147,252
  899    1,812,384          8   2,489,737,293   1,231,423,188   1,298,163,348
  900    1,814,400          8   1,958,850,139   1,193,077,429   1,538,179,444
  901    1,816,416          8   1,427,962,985   1,438,764,950   1,778,130,005
  902    1,818,432          8     897,075,831   1,401,398,391   2,001,369,141
  903    1,820,448          8     366,188,677   1,362,987,352   2,241,385,237
  904    1,822,464          8   4,130,268,819   1,877,110,329   2,481,336,054
  905    1,824,480          8   3,599,381,665   1,839,743,770   2,704,575,190
  906    1,826,496          8   3,068,494,511   1,801,332,986   2,944,591,286
  907    1,828,512          8   2,537,607,357   2,030,308,827   3,184,541,847
  908    1,830,528          8   2,006,720,203   2,009,719,228   3,407,780,983
  909    1,832,544          8   1,475,833,049   1,971,308,189   3,647,797,079
  910    1,834,560          8     944,945,895   2,200,284,030   3,887,747,640
  911    1,836,576          8     414,058,741   2,179,629,151   4,110,986,776
  912    1,838,592          8   4,178,138,883   2,677,044,528      56,035,833
  913    1,840,608          8   3,647,251,729   2,638,633,489     296,051,929
  914    1,842,624          8   3,116,364,575   2,616,934,385     536,068,025
  915    1,844,640          8   2,585,477,421   2,846,954,706     759,241,626
  916    1,846,656          8   2,054,590,267   2,808,608,947     999,257,722
  917    1,848,672          8   1,523,703,113   2,770,197,908   1,239,273,818
  918    1,850,688          8     992,815,959   3,016,929,909   1,462,447,419
  919    1,852,704          8     461,928,805   2,978,518,870   1,702,463,515
  920    1,854,720          8   4,226,008,947   3,208,543,287   1,942,479,867
  921    1,856,736          8   3,695,121,793   3,455,275,288   2,165,653,468
  922    1,858,752          8   3,164,234,639   3,416,864,504   2,405,669,564
  923    1,860,768          8   2,633,347,485   3,378,453,465   2,645,685,660
  924    1,862,784          8   2,102,460,331   3,607,494,586   2,885,636,221
  925    1,864,800          8   1,571,573,177   3,586,839,707   3,108,875,357
  926    1,866,816          8   1,040,686,023   3,815,815,548   3,348,825,918
  927    1,868,832          8     509,798,869   3,777,404,509   3,588,842,014
  928    1,870,848          8   4,273,879,011   4,025,185,086   3,812,081,406
  929    1,872,864          8   3,742,991,857   4,254,160,927   4,052,031,967
  930    1,874,880          8   3,212,104,703   4,215,750,143   4,292,048,063
  931    1,876,896          8   2,681,217,549   4,178,387,664     220,385,439
  932    1,878,912          8   2,150,330,395     145,885,105     460,336,000
  933    1,880,928          8   1,619,443,241     107,539,346     700,352,096
  934    1,882,944          8   1,088,556,087      70,172,787     923,591,232
  935    1,884,960          8     557,668,933     315,860,308   1,163,541,793
  936    1,886,976          8      26,781,779     277,449,269   1,403,557,889
  937    1,888,992          8   3,790,861,921     507,473,686   1,643,574,241
  938    1,891,008          9   2,906,049,998   3,663,977,708   3,469,555,373
  939    1,893,024          9   2,375,162,844   3,626,611,149   3,692,794,509
  940    1,895,040          9   1,844,275,690   3,604,911,790   3,932,810,605
  941    1,897,056          9   1,313,388,536   3,833,887,631   4,172,761,166
  942    1,899,072          9     782,501,382   3,796,525,152     101,098,542
  943    1,901,088          9     251,614,228   3,774,825,793     341,114,638
  944    1,903,104          9   4,015,694,370   4,272,237,090     581,065,455
  945    1,905,120          9   3,484,807,216   4,233,826,051     821,081,551
  946    1,907,136          9   2,953,920,062     185,721,827   1,044,255,152
  947    1,909,152          9   2,423,032,908     164,022,468   1,284,271,248
  948    1,911,168          9   1,892,145,754     125,611,429   1,524,287,344
  949    1,913,184          9   1,361,258,600     355,631,750   1,747,460,945
  950    1,915,200          9     830,371,446     333,932,391   1,987,477,041
  951    1,917,216          9     299,484,292     295,521,352   2,227,493,137
  952    1,919,232          9   4,063,564,434     793,977,129   2,450,666,994
  953    1,921,248          9   3,532,677,280     755,566,090   2,690,683,090
  954    1,923,264          9   3,001,790,126     733,932,266   2,930,699,186
  955    1,925,280          9   2,470,902,972     962,908,107   3,170,649,747
  956    1,927,296          9   1,940,015,818     925,541,548   3,393,888,883
  957    1,929,312          9   1,409,128,664     903,842,189   3,633,904,979
  958    1,931,328          9     878,241,510   1,132,818,030   3,873,855,540
  959    1,933,344          9     347,354,356   1,095,451,471   4,097,094,676
  960    1,935,360          9   4,111,434,498   1,609,578,528      42,143,733
  961    1,937,376          9   3,580,547,344   1,571,167,489     282,159,829
  962    1,939,392          9   3,049,660,190   1,533,866,465     505,398,965
  963    1,941,408          9   2,518,773,036   1,762,842,306     745,349,526
  964    1,943,424          9   1,987,885,882   1,741,142,947     985,365,622
  965    1,945,440          9   1,456,998,728   1,703,776,388   1,208,604,758
  966    1,947,456          9     926,111,574   1,932,752,229   1,448,555,319
  967    1,949,472          9     395,224,420   1,911,052,870   1,688,571,415
  968    1,951,488          9   4,159,304,562   2,141,077,287   1,928,587,767
  969    1,953,504          9   3,628,417,408   2,371,097,608   2,151,761,368
  970    1,955,520          9   3,097,530,254   2,332,752,104   2,391,777,464
  971    1,957,536          9   2,566,643,100   2,311,052,745   2,631,793,560
  972    1,959,552          9   2,035,755,946   2,541,073,066   2,854,967,161
  973    1,961,568          9   1,504,868,792   2,502,662,027   3,094,983,257
  974    1,963,584          9     973,981,638   2,748,349,548   3,334,933,818
  975    1,965,600          9     443,094,484   2,710,982,989   3,558,172,954
  976    1,967,616          9   4,207,174,626   2,941,007,406   3,798,189,306
  977    1,969,632          9   3,676,287,472   3,186,694,927   4,038,139,867
  978    1,971,648          9   3,145,400,318   3,148,349,423   4,278,155,963
  979    1,973,664          9   2,614,513,164   3,110,986,944     206,493,339
  980    1,975,680          9   2,083,626,010   3,339,962,785     446,443,900
  981    1,977,696          9   1,552,738,856   3,318,263,426     686,459,996
  982    1,979,712          9   1,021,851,702   3,280,896,867     909,699,132
  983    1,981,728          9     490,964,548   3,509,872,708   1,149,649,693
  984    1,983,744          9   4,255,044,690   3,756,608,805   1,389,666,045
  985    1,985,760          9   3,724,157,536   3,719,242,246   1,612,905,181
  986    1,987,776          9   3,193,270,382   3,948,218,342   1,852,855,742
  987    1,989,792          9   2,662,383,228   3,909,872,583   2,092,871,838
  988    1,991,808          9   2,131,496,074   4,156,604,584   2,316,045,439
  989    1,993,824          9   1,600,608,920   4,118,193,545   2,556,061,535
  990    1,995,840          9   1,069,721,766   4,079,782,506   2,796,077,631
  991    1,997,856          9     538,834,612      47,279,947   3,036,028,192
  992    1,999,872          9       7,947,458       9,913,388   3,259,267,328
  993    2,001,888          9   3,772,027,600     239,937,805   3,499,283,680
  994    2,003,904          9   3,241,140,446     485,625,581   3,739,234,241
  995    2,005,920          9   2,710,253,292     448,324,302   3,962,473,377
  996    2,007,936          9   2,179,366,138     409,913,263   4,202,489,473
  997    2,009,952          9   1,648,478,984     638,893,184     147,538,274
  998    2,011,968          9   1,117,591,830     618,238,305     370,777,410
  999    2,013,984          9     586,704,676     579,827,266     610,793,506
 1000    2,016,000          9      55,817,522     808,803,107     850,744,067
 1001    2,018,016          9   3,819,897,664   1,056,583,684   1,073,983,459
 1002    2,020,032          9   3,289,010,510   1,285,559,780   1,313,934,020
 1003    2,022,048          9   2,758,123,356   1,247,214,021   1,553,950,116
 1004    2,024,064          9   2,227,236,202   1,208,802,982   1,793,966,212
 1005    2,026,080          9   1,696,349,048   1,455,534,983   2,017,139,813
 1006    2,028,096          9   1,165,461,894   1,417,123,944   2,257,155,909
 1007    2,030,112          9     634,574,740   1,378,712,905   2,497,172,005
 1008    2,032,128          9     103,687,586   1,625,444,906   2,720,345,606
 1009    2,034,144          9   3,867,767,728   1,855,469,323   2,960,361,958
 1010    2,036,160          9   3,336,880,574   1,817,058,539   3,200,378,054
 1011    2,038,176          9   2,805,993,420   2,047,144,140   3,423,551,655
 1012    2,040,192          9   2,275,106,266   2,025,444,781   3,663,567,751
 1013    2,042,208          9   1,744,219,112   1,987,033,742   3,903,583,847
 1014    2,044,224          9   1,213,331,958   2,216,009,583   4,143,534,408
 1015    2,046,240          9     682,444,804   2,195,358,784      71,871,784
 1016    2,048,256          9     151,557,650   2,424,334,625     311,822,345
 1017    2,050,272          9   3,915,637,792   2,654,359,042     551,838,697
 1018    2,052,288          9   3,384,750,638   2,633,704,418     775,077,833
 1019    2,054,304          9   2,853,863,484   2,862,680,259   1,015,028,394
 1020    2,056,320          9   2,322,976,330   2,824,334,500   1,255,044,490
 1021    2,058,336          9   1,792,089,176   2,786,967,941   1,478,283,626
 1022    2,060,352          9   1,261,202,022   3,032,655,462   1,718,234,187
 1023    2,062,368          9     730,314,868   2,994,244,423   1,958,250,283
 1024    2,064,384          9     199,427,714   2,956,877,864   2,181,489,419
 1025    2,066,400          9   3,963,507,856   3,471,000,841   2,421,440,236
 1026    2,068,416          9   3,432,620,702   3,432,590,057   2,661,456,332
 1027    2,070,432          9   2,901,733,548   3,394,179,018   2,901,472,428
 1028    2,072,448          9   2,370,846,394   3,624,264,619   3,124,646,029
 1029    2,074,464          9   1,839,959,240   3,602,565,260   3,364,662,125
 1030    2,076,480          9   1,309,072,086   3,831,541,101   3,604,612,686
 1031    2,078,496          9     778,184,932   3,794,174,542   3,827,851,822
 1032    2,080,512          9     247,297,778   3,772,475,183   4,067,867,918
 1033    2,082,528          9   4,011,377,920   4,269,890,560      12,916,975
 1034    2,084,544          9   3,480,490,766   4,232,524,256     236,156,111
 1035    2,086,560          9   2,949,603,612   4,210,824,897     476,172,207
 1036    2,088,576          9   2,418,716,458     161,675,938     716,122,768
 1037    2,090,592          9   1,887,829,304     123,264,899     956,138,864
 1038    2,092,608          9   1,356,942,150      85,898,340   1,179,378,000
 1039    2,094,624          9     826,054,996     331,585,861   1,419,328,561
 1040    2,096,640          9     295,167,842     293,174,822   1,659,344,657
 1041    2,098,656          9   4,059,247,984     524,243,719   1,882,584,049
 1042    2,100,672         10   3,174,436,061   3,680,747,741   3,708,565,181
 1043    2,102,688         10   2,643,548,907   3,642,336,702   3,948,581,277
 1044    2,104,704         10   2,112,661,753   3,620,637,343   4,188,597,373
 1045    2,106,720         10   1,581,774,599   3,849,617,264     133,646,174
 1046    2,108,736         10   1,050,887,445   3,812,250,705     356,885,310
 1047    2,110,752         10     520,000,291   3,790,551,346     596,901,406
 1048    2,112,768         10   4,284,080,433   4,287,962,643     836,852,223
 1049    2,114,784         10   3,753,193,279   4,250,661,619   1,060,091,359
 1050    2,116,800         10   3,222,306,125     201,447,380   1,300,041,920
 1051    2,118,816         10   2,691,418,971     179,748,021   1,540,058,016
 1052    2,120,832         10   2,160,531,817     142,381,462   1,763,297,152
 1053    2,122,848         10   1,629,644,663     371,357,303   2,003,247,713
 1054    2,124,864         10   1,098,757,509     349,657,944   2,243,263,809
 1055    2,126,880         10     567,870,355     312,291,385   2,466,502,945
 1056    2,128,896         10      36,983,201     541,267,226   2,706,453,506
 1057    2,130,912         10   3,801,063,343     788,068,858   2,946,469,858
 1058    2,132,928         10   3,270,176,189     749,657,819   3,186,485,954
 1059    2,134,944         10   2,739,289,035     979,678,140   3,409,659,555
 1060    2,136,960         10   2,208,401,881     941,267,101   3,649,675,651
 1061    2,138,976         10   1,677,514,727     919,567,742   3,889,691,747
 1062    2,140,992         10   1,146,627,573   1,149,588,063   4,112,865,348
 1063    2,143,008         10     615,740,419   1,111,181,104      57,979,684
 1064    2,145,024         10      84,853,265   1,356,868,625     297,930,245
 1065    2,147,040         10   3,848,933,407   1,587,937,777     521,169,637
 1066    2,149,056         10   3,318,046,253   1,549,592,018     761,185,733
 1067    2,151,072         10   2,787,159,099   1,778,567,859   1,001,136,294
 1068    2,153,088         10   2,256,271,945   1,756,868,500   1,241,152,390
 1069    2,155,104         10   1,725,384,791   1,719,501,941   1,464,391,526
 1070    2,157,120         10   1,194,497,637   1,948,477,782   1,704,342,087
 1071    2,159,136         10     663,610,483   1,926,778,423   1,944,358,183
 1072    2,161,152         10     132,723,329   1,889,411,864   2,167,597,319
 1073    2,163,168         10   3,896,803,471   2,386,823,416   2,407,548,136
 1074    2,165,184         10   3,365,916,317   2,365,189,337   2,647,564,232
 1075    2,167,200         10   2,835,029,163   2,327,822,778   2,870,803,368
 1076    2,169,216         10   2,304,142,009   2,556,798,619   3,110,753,929
 1077    2,171,232         10   1,773,254,855   2,518,387,580   3,350,770,025
 1078    2,173,248         10   1,242,367,701   2,765,119,581   3,573,943,626
 1079    2,175,264         10     711,480,547   2,726,708,542   3,813,959,722
 1080    2,177,280         10     180,593,393   2,688,297,503   4,053,975,818
 1081    2,179,296         10   3,944,673,535   3,202,420,735   4,293,926,635
 1082    2,181,312         10   3,413,786,381   3,165,123,536     222,264,011
 1083    2,183,328         10   2,882,899,227   3,126,712,497     462,280,107
 1084    2,185,344         10   2,352,012,073   3,355,688,338     702,230,668
 1085    2,187,360         10   1,821,124,919   3,335,033,459     925,469,804
 1086    2,189,376         10   1,290,237,765   3,296,622,420   1,165,485,900
 1087    2,191,392         10     759,350,611   3,525,598,261   1,405,436,461
 1088    2,193,408         10     228,463,457   3,504,943,382   1,628,675,597
 1089    2,195,424         10   3,992,543,599   3,734,968,054   1,868,691,949
 1090    2,197,440         10   3,461,656,445   3,964,009,175   2,108,642,510
 1091    2,199,456         10   2,930,769,291   3,942,309,816   2,348,658,606
 1092    2,201,472         10   2,399,882,137   4,172,330,137   2,571,832,207
 1093    2,203,488         10   1,868,994,983   4,133,919,098   2,811,848,303
 1094    2,205,504         10   1,338,107,829   4,095,508,059   3,051,864,399
 1095    2,207,520         10     807,220,675      64,049,980   3,275,038,000
 1096    2,209,536         10     276,333,521      25,638,941   3,515,054,096
 1097    2,211,552         10   4,040,413,663     255,663,613   3,755,070,448
 1098    2,213,568         10   3,509,526,509     502,460,894   3,978,244,049
 1099    2,215,584         10   2,978,639,355     464,049,855   4,218,260,145
 1100    2,217,600         10   2,447,752,201     425,642,896     163,374,481
 1101    2,219,616         10   1,916,865,047     655,663,217     386,548,082
 1102    2,221,632         10   1,385,977,893     633,963,858     626,564,178
 1103    2,223,648         10     855,090,739     595,552,819     866,580,274
 1104    2,225,664         10     324,203,585     824,528,660   1,106,530,835
 1105    2,227,680         10   4,088,283,727   1,072,309,492   1,329,770,227
 1106    2,229,696         10   3,557,396,573   1,301,285,333   1,569,720,788
 1107    2,231,712         10   3,026,509,419   1,262,939,574   1,809,736,884
 1108    2,233,728         10   2,495,622,265   1,225,573,015   2,032,976,020
 1109    2,235,744         10   1,964,735,111   1,471,260,536   2,272,926,581
 1110    2,237,760         10   1,433,847,957   1,432,849,497   2,512,942,677
 1111    2,239,776         10     902,960,803   1,395,482,938   2,736,181,813
 1112    2,241,792         10     372,073,649   1,641,170,459   2,976,132,374
 1113    2,243,808         10   4,136,153,791   1,871,195,131   3,216,148,726
 1114    2,245,824         10   3,605,266,637   1,833,828,572   3,439,387,862
 1115    2,247,840         10   3,074,379,483   2,079,581,373   3,679,338,423
 1116    2,249,856         10   2,543,492,329   2,041,170,334   3,919,354,519
 1117    2,251,872         10   2,012,605,175   2,002,759,295   4,159,370,615
 1118    2,253,888         10   1,481,718,021   2,232,783,696      87,642,456
 1119    2,255,904         10     950,830,867   2,211,084,337     327,658,552
 1120    2,257,920         10     419,943,713   2,440,060,178     567,609,113
 1121    2,259,936         10   4,184,023,855   2,671,129,330     790,848,505
 1122    2,261,952         10   3,653,136,701   2,649,429,971   1,030,864,601
 1123    2,263,968         10   3,122,249,547   2,878,471,092   1,270,815,162
 1124    2,265,984         10   2,591,362,393   2,841,104,533   1,494,054,298
 1125    2,268,000         10   2,060,475,239   2,802,693,494   1,734,070,394
 1126    2,270,016         10   1,529,588,085   3,048,381,015   1,974,020,955
 1127    2,272,032         10     998,700,931   3,009,969,976   2,214,037,051
 1128    2,274,048         10     467,813,777   2,972,603,417   2,437,276,187
 1129    2,276,064         10   4,231,893,919   3,486,726,649   2,677,227,004
 1130    2,278,080         10   3,701,006,765   3,448,315,610   2,917,243,100
 1131    2,280,096         10   3,170,119,611   3,411,014,331   3,140,482,236
 1132    2,282,112         10   2,639,232,457   3,656,701,852   3,380,432,797
 1133    2,284,128         10   2,108,345,303   3,618,290,813   3,620,448,893
 1134    2,286,144         10   1,577,458,149   3,848,311,134   3,843,622,494
 1135    2,288,160         10   1,046,570,995   3,809,900,095   4,083,638,590
 1136    2,290,176         10     515,683,841   3,788,204,816      28,752,926
 1137    2,292,192         10   4,279,763,983   4,286,660,848     251,926,783
 1138    2,294,208         10   3,748,876,829   4,248,249,809     491,942,879
 1139    2,296,224         10   3,217,989,675   4,226,550,450     731,958,975
 1140    2,298,240         10   2,687,102,521     177,401,491     971,909,536
 1141    2,300,256         10   2,156,215,367     140,034,932   1,195,148,672
 1142    2,302,272         10   1,625,328,213     101,623,893   1,435,164,768
 1143    2,304,288         10   1,094,441,059     347,311,414   1,675,115,329
 1144    2,306,304         10     563,553,905     309,944,855   1,898,354,465
 1145    2,308,320         10      32,666,751     271,534,071   2,138,370,561
 1146    2,310,336         11   3,442,822,124   3,696,473,294   3,964,351,949
 1147    2,312,352         11   2,911,934,970   3,658,062,255   4,204,368,045
 1148    2,314,368         11   2,381,047,816   3,636,366,976     149,482,381
 1149    2,316,384         11   1,850,160,662   3,866,387,297     372,655,982
 1150    2,318,400         11   1,319,273,508   3,827,976,258     612,672,078
 1151    2,320,416         11     788,386,354   3,806,276,899     852,688,174
 1152    2,322,432         11     257,499,200   4,036,297,220   1,075,861,775
 1153    2,324,448         11   4,021,579,342   4,266,387,172   1,315,878,127
 1154    2,326,464         11   3,490,692,188     233,884,613   1,555,828,688
 1155    2,328,480         11   2,959,805,034     196,518,054   1,779,067,824
 1156    2,330,496         11   2,428,917,880     158,107,015   2,019,083,920
 1157    2,332,512         11   1,898,030,726     387,082,856   2,259,034,481
 1158    2,334,528         11   1,367,143,572     365,383,497   2,499,050,577
 1159    2,336,544         11     836,256,418     328,016,938   2,722,289,713
 1160    2,338,560         11     305,369,264     556,992,779   2,962,240,274
 1161    2,340,576         11   4,069,449,406     803,794,411   3,202,256,626
 1162    2,342,592         11   3,538,562,252     766,427,852   3,425,495,762
 1163    2,344,608         11   3,007,675,098     995,403,693   3,665,446,323
 1164    2,346,624         11   2,476,787,944     956,992,654   3,905,462,419
 1165    2,348,640         11   1,945,900,790     936,337,775   4,128,701,555
 1166    2,350,656         11   1,415,013,636   1,165,317,696      73,750,356
 1167    2,352,672         11     884,126,482   1,126,906,657     313,766,452
 1168    2,354,688         11     353,239,328   1,373,638,658     536,940,053
 1169    2,356,704         11   4,117,319,470   1,603,728,610     776,956,405
 1170    2,358,720         11   3,586,432,316   1,565,317,571   1,016,972,501
 1171    2,360,736         11   3,055,545,162   1,811,005,092   1,256,923,062
 1172    2,362,752         11   2,524,658,008   1,773,638,533   1,480,162,198
 1173    2,364,768         11   1,993,770,854   1,735,227,494   1,720,178,294
 1174    2,366,784         11   1,462,883,700   1,964,203,335   1,960,128,855
 1175    2,368,800         11     931,996,546   1,943,548,456   2,183,367,991
 1176    2,370,816         11     401,109,392   1,905,137,417   2,423,384,087
 1177    2,372,832         11   4,165,189,534   2,402,614,249   2,663,334,904
 1178    2,374,848         11   3,634,302,380   2,381,959,370   2,886,574,040
 1179    2,376,864         11   3,103,415,226   2,343,548,331   3,126,590,136
 1180    2,378,880         11   2,572,528,072   2,572,524,172   3,366,540,697
 1181    2,380,896         11   2,041,640,918   2,534,113,133   3,606,556,793
 1182    2,382,912         11   1,510,753,764   2,780,845,134   3,829,730,394
 1183    2,384,928         11     979,866,610   2,742,434,095   4,069,746,490
 1184    2,386,944         11     448,979,456   2,704,027,136      14,860,826
 1185    2,388,960         11   4,213,059,598   3,219,194,848     238,034,683
 1186    2,390,976         11   3,682,172,444   3,180,849,089     478,050,779
 1187    2,392,992         11   3,151,285,290   3,142,438,050     718,066,875
 1188    2,395,008         11   2,620,398,136   3,372,458,371     941,240,476
 1189    2,397,024         11   2,089,510,982   3,350,759,012   1,181,256,572
 1190    2,399,040         11   1,558,623,828   3,312,347,973   1,421,272,668
 1191    2,401,056         11   1,027,736,674   3,542,368,294   1,644,446,269
 1192    2,403,072         11     496,849,520   3,520,668,935   1,884,462,365
 1193    2,405,088         11   4,260,929,662   3,750,693,607   2,124,478,717
 1194    2,407,104         11   3,730,042,508   3,979,734,728   2,364,429,278
 1195    2,409,120         11   3,199,155,354   3,959,079,849   2,587,668,414
 1196    2,411,136         11   2,668,268,200   4,188,055,690   2,827,618,975
 1197    2,413,152         11   2,137,381,046   4,149,644,651   3,067,635,071
 1198    2,415,168         11   1,606,493,892   4,112,278,092   3,290,874,207
 1199    2,417,184         11   1,075,606,738      79,775,533   3,530,824,768
 1200    2,419,200         11     544,719,584      41,364,494   3,770,840,864
 1201    2,421,216         11      13,832,430       3,998,190   3,994,080,000
 1202    2,423,232         11   3,777,912,572     518,186,447   4,234,030,817
 1203    2,425,248         11   3,247,025,418     479,779,488     179,145,153
 1204    2,427,264         11   2,716,138,264     441,368,449     419,161,249
 1205    2,429,280         11   2,185,251,110     671,388,770     642,334,850
 1206    2,431,296         11   1,654,363,956     649,689,411     882,350,946
 1207    2,433,312         11   1,123,476,802     611,278,372   1,122,367,042
 1208    2,435,328         11     592,589,648     841,298,693   1,345,540,643
 1209    2,437,344         11      61,702,494     819,599,589   1,585,556,739
 1210    2,439,360         11   3,825,782,636   1,317,076,166   1,825,507,556
 1211    2,441,376         11   3,294,895,482   1,279,709,607   2,048,746,692
 1212    2,443,392         11   2,764,008,328   1,258,010,248   2,288,762,788
 1213    2,445,408         11   2,233,121,174   1,486,986,089   2,528,713,349
 1214    2,447,424         11   1,702,234,020   1,449,619,530   2,751,952,485
 1215    2,449,440         11   1,171,346,866   1,411,208,491   2,991,968,581
 1216    2,451,456         11     640,459,712   1,656,896,012   3,231,919,142
 1217    2,453,472         11     109,572,558   1,618,485,228   3,471,935,238
 1218    2,455,488         11   3,873,652,700   1,849,619,405   3,695,174,630
 1219    2,457,504         11   3,342,765,546   2,095,306,926   3,935,125,191
 1220    2,459,520         11   2,811,878,392   2,056,895,887   4,175,141,287
 1221    2,461,536         11   2,280,991,238   2,019,533,408     103,478,663
 1222    2,463,552         11   1,750,104,084   2,248,509,249     343,429,224
 1223    2,465,568         11   1,219,216,930   2,226,809,890     583,445,320
 1224    2,467,584         11     688,329,776   2,456,830,211     806,618,921
 1225    2,469,600         11     157,442,622   2,418,419,427   1,046,635,017
 1226    2,471,616         11   3,921,522,764   2,665,155,524   1,286,651,369
 1227    2,473,632         11   3,390,635,610   2,894,196,645   1,526,601,930
 1228    2,475,648         11   2,859,748,456   2,856,830,086   1,749,841,066
 1229    2,477,664         11   2,328,861,302   2,835,130,727   1,989,857,162
 1230    2,479,680         11   1,797,974,148   3,064,106,568   2,229,807,723
 1231    2,481,696         11   1,267,086,994   3,026,740,009   2,453,046,859
 1232    2,483,712         11     736,199,840   2,988,328,970   2,693,062,955
 1233    2,485,728         11     205,312,686   3,234,016,746   2,933,013,516
 1234    2,487,744         11   3,969,392,828   3,465,085,643   3,156,252,908
 1235    2,489,760         11   3,438,505,674   3,426,739,884   3,396,269,004
 1236    2,491,776         11   2,907,618,520   3,672,427,405   3,636,219,565
 1237    2,493,792         11   2,376,731,366   3,635,060,846   3,859,458,701
 1238    2,495,808         11   1,845,844,212   3,864,036,687   4,099,409,262
 1239    2,497,824         11   1,314,957,058   3,825,629,728      44,523,598
 1240    2,499,840         11     784,069,904   3,803,930,369     284,539,694
 1241    2,501,856         11     253,182,750   4,033,950,945     507,713,295
 1242    2,503,872         11   4,017,262,892   4,263,975,362     747,729,647
 1243    2,505,888         11   3,486,375,738   4,242,341,283     987,745,743
 1244    2,507,904         11   2,955,488,584     194,171,524   1,210,919,344
 1245    2,509,920         11   2,424,601,430     155,760,485   1,450,935,440
 1246    2,511,936         11   1,893,714,276     134,061,126   1,690,951,536
 1247    2,513,952         11   1,362,827,122     364,081,447   1,914,125,137
 1248    2,515,968         11     831,939,968     325,670,408   2,154,141,233
 1249    2,517,984         11     301,052,814     287,259,624   2,394,157,329
 1250    2,520,000         12   3,711,208,187   3,712,198,847   4,220,138,717
 1251    2,522,016         12   3,180,321,033   3,690,503,568     165,253,053
 1252    2,524,032         12   2,649,433,879   3,653,137,009     388,492,189
 1253    2,526,048         12   2,118,546,725   3,882,112,850     628,442,750
 1254    2,528,064         12   1,587,659,571   3,843,701,811     868,458,846
 1255    2,530,080         12   1,056,772,417   3,823,046,932   1,091,697,982
 1256    2,532,096         12     525,885,263   4,052,088,308   1,331,648,543
 1257    2,534,112         12   4,289,965,405   4,282,112,725   1,571,664,895
 1258    2,536,128         12   3,759,078,251     249,610,166   1,811,615,456
 1259    2,538,144         12   3,228,191,097     212,243,607   2,034,854,592
 1260    2,540,160         12   2,697,303,943     173,832,568   2,274,870,688
 1261    2,542,176         12   2,166,416,789     402,808,409   2,514,821,249
 1262    2,544,192         12   1,635,529,635     382,153,530   2,738,060,385
 1263    2,546,208         12   1,104,642,481     343,742,491   2,978,076,481
 1264    2,548,224         12     573,755,327     572,783,867   3,218,027,042
 1265    2,550,240         12      42,868,173     552,128,988   3,441,266,178
 1266    2,552,256         12   3,806,948,315     782,153,405   3,681,282,530
 1267    2,554,272         12   3,276,061,161   1,011,129,246   3,921,233,091
 1268    2,556,288         12   2,745,174,007     973,762,687   4,144,472,227
 1269    2,558,304         12   2,214,286,853     952,067,408      89,586,563
 1270    2,560,320         12   1,683,399,699   1,181,043,249     329,537,124
 1271    2,562,336         12   1,152,512,545   1,142,632,210     569,553,220
 1272    2,564,352         12     621,625,391   1,389,364,466     792,726,821
 1273    2,566,368         12      90,738,237   1,351,018,707   1,032,742,917
 1274    2,568,384         12   3,854,818,379   1,581,043,124   1,272,759,269
 1275    2,570,400         12   3,323,931,225   1,827,775,125   1,495,932,870
 1276    2,572,416         12   2,793,044,071   1,789,364,086   1,735,948,966
 1277    2,574,432         12   2,262,156,917   1,750,953,047   1,975,965,062
 1278    2,576,448         12   1,731,269,763   1,980,973,368   2,199,138,663
 1279    2,578,464         12   1,200,382,609   1,959,274,009   2,439,154,759
 1280    2,580,480         12     669,495,455   1,920,863,225   2,679,170,855
 1281    2,582,496         12     138,608,301   2,149,904,346   2,919,121,416
 1282    2,584,512         12   3,902,688,443   2,397,684,923   3,142,360,808
 1283    2,586,528         12   3,371,801,289   2,359,273,884   3,382,376,904
 1284    2,588,544         12   2,840,914,135   2,588,249,725   3,622,327,465
 1285    2,590,560         12   2,310,026,981   2,550,883,166   3,845,566,601
 1286    2,592,576         12   1,779,139,827   2,796,570,687   4,085,517,162
 1287    2,594,592         12   1,248,252,673   2,758,163,728      30,631,498
 1288    2,596,608         12     717,365,519   2,720,797,424     253,870,634
 1289    2,598,624         12     186,478,365   2,966,550,225     493,821,195
 1290    2,600,640         12   3,950,558,507   3,196,574,642     733,837,547
 1291    2,602,656         12   3,419,671,353   3,159,208,083     957,076,683
 1292    2,604,672         12   2,888,784,199   3,404,895,604   1,197,027,244
 1293    2,606,688         12   2,357,897,045   3,366,484,565   1,437,043,340
 1294    2,608,704         12   1,827,009,891   3,328,073,526   1,677,059,436
 1295    2,610,720         12   1,296,122,737   3,558,093,847   1,900,233,037
 1296    2,612,736         12     765,235,583   3,536,394,743   2,140,249,133
 1297    2,614,752         12     234,348,429   3,498,048,984   2,380,265,229
 1298    2,616,768         12   3,998,428,571   3,996,504,761   2,603,439,086
 1299    2,618,784         12   3,467,541,417   3,974,805,402   2,843,455,182
 1300    2,620,800         12   2,936,654,263   4,203,781,243   3,083,405,743
 1301    2,622,816         12   2,405,767,109   4,166,414,684   3,306,644,879
 1302    2,624,832         12   1,874,879,955   4,128,003,645   3,546,660,975
 1303    2,626,848         12   1,343,992,801      95,501,086   3,786,611,536
 1304    2,628,864         12     813,105,647      58,134,782   4,009,850,672
 1305    2,630,880         12     282,218,493      19,789,023   4,249,866,768
 1306    2,632,896         12   4,046,298,635     533,916,080     194,915,825
 1307    2,634,912         12   3,515,411,481     495,505,041     434,931,921
 1308    2,636,928         12   2,984,524,327     458,138,482     658,171,057
 1309    2,638,944         12   2,453,637,173     703,826,003     898,121,618
 1310    2,640,960         12   1,922,750,019     665,414,964   1,138,137,714
 1311    2,642,976         12   1,391,862,865     628,048,405   1,361,376,850
 1312    2,644,992         12     860,975,711     857,024,501   1,601,327,411
 1313    2,647,008         12     330,088,557     835,325,142   1,841,343,507
 1314    2,649,024         12   4,094,168,699   1,333,846,199   2,064,517,364
 1315    2,651,040         12   3,563,281,545   1,295,435,160   2,304,533,460
 1316    2,653,056         12   3,032,394,391   1,273,735,801   2,544,549,556
 1317    2,655,072         12   2,501,507,237   1,502,711,642   2,784,500,117
 1318    2,657,088         12   1,970,620,083   1,465,345,083   3,007,739,253
 1319    2,659,104         12   1,439,732,929   1,426,934,044   3,247,755,349
 1320    2,661,120         12     908,845,775   1,672,621,820   3,487,705,910
 1321    2,663,136         12     377,958,621   1,635,255,261   3,710,945,046
 1322    2,665,152         12   4,142,038,763   1,865,344,958   3,950,961,398
 1323    2,667,168         12   3,611,151,609   2,111,032,479   4,190,911,959
 1324    2,669,184         12   3,080,264,455   2,073,670,000     119,249,335
 1325    2,671,200         12   2,549,377,301   2,035,258,961     359,265,431
 1326    2,673,216         12   2,018,490,147   2,280,946,482     599,215,992
 1327    2,675,232         12   1,487,602,993   2,243,579,923     822,455,128
 1328    2,677,248         12     956,715,839   2,472,556,019   1,062,405,689
 1329    2,679,264         12     425,828,685   2,434,144,980   1,302,421,785
 1330    2,681,280         12   4,189,908,827   2,680,946,357   1,542,438,137
 1331    2,683,296         12   3,659,021,673   2,910,966,678   1,765,611,738
 1332    2,685,312         12   3,128,134,519   2,872,555,639   2,005,627,834
 1333    2,687,328         12   2,597,247,365   2,850,856,280   2,245,643,930
 1334    2,689,344         12   2,066,360,211   3,080,876,601   2,468,817,531
 1335    2,691,360         12   1,535,473,057   3,042,465,562   2,708,833,627
 1336    2,693,376         12   1,004,585,903   3,004,054,778   2,948,849,723
 1337    2,695,392         12     473,698,749   3,250,786,779   3,172,023,324
 1338    2,697,408         12   4,237,778,891   3,480,876,476   3,412,039,676
 1339    2,699,424         12   3,706,891,737   3,442,465,437   3,652,055,772
 1340    2,701,440         12   3,176,004,583   3,688,152,958   3,892,006,333
 1341    2,703,456         12   2,645,117,429   3,650,786,399   4,115,245,469
 1342    2,705,472         12   2,114,230,275   3,879,766,320      60,294,270
 1343    2,707,488         12   1,583,343,121   3,858,066,961     300,310,366
 1344    2,709,504         12   1,052,455,967   3,820,700,657     523,549,502
 1345    2,711,520         12     521,568,813   4,049,676,498     763,500,063
 1346    2,713,536         12   4,285,648,955   4,279,700,915   1,003,516,415
 1347    2,715,552         12   3,754,761,801   4,259,111,316   1,226,755,551
 1348    2,717,568         12   3,223,874,647     209,897,077   1,466,706,112
 1349    2,719,584         12   2,692,987,493     171,486,038   1,706,722,208
 1350    2,721,600         12   2,162,100,339     150,831,159   1,929,961,344
 1351    2,723,616         12   1,631,213,185     379,807,000   2,169,911,905
 1352    2,725,632         12   1,100,326,031     341,396,216   2,409,928,001
 1353    2,727,648         12     569,438,877     302,985,177   2,649,944,097
 1354    2,729,664         12      38,551,723     549,717,178   2,873,117,698
 1355    2,731,680         13   3,448,707,096   3,707,273,601     404,262,861
 1356    2,733,696         13   2,917,819,942   3,668,862,562     644,278,957
 1357    2,735,712         13   2,386,932,788   3,897,838,403     884,229,518
 1358    2,737,728         13   1,856,045,634   3,860,471,844   1,107,468,654
 1359    2,739,744         13   1,325,158,480   3,838,772,485   1,347,484,750
 1360    2,741,760         13     794,271,326   4,067,813,861   1,587,435,311
 1361    2,743,776         13     263,384,172   4,029,402,822   1,827,451,407
 1362    2,745,792         13   4,027,464,314     266,380,199   2,050,625,264
 1363    2,747,808         13   3,496,577,160     227,969,160   2,290,641,360
 1364    2,749,824         13   2,965,690,006     189,558,121   2,530,657,456
 1365    2,751,840         13   2,434,802,852     419,578,442   2,753,831,057
 1366    2,753,856         13   1,903,915,698     397,879,083   2,993,847,153
 1367    2,755,872         13   1,373,028,544     359,468,044   3,233,863,249
 1368    2,757,888         13     842,141,390     589,553,900   3,457,036,850
 1369    2,759,904         13     311,254,236     567,854,541   3,697,052,946
 1370    2,761,920         13   4,075,334,378     797,878,958   3,937,069,298
 1371    2,763,936         13   3,544,447,224   1,026,854,799   4,177,019,859
 1372    2,765,952         13   3,013,560,070   1,006,204,000     105,357,235
 1373    2,767,968         13   2,482,672,916     967,792,961     345,373,331
 1374    2,769,984         13   1,951,785,762   1,196,768,802     585,323,892
 1375    2,772,000         13   1,420,898,608   1,159,402,243     808,563,028
 1376    2,774,016         13     890,011,454   1,405,155,299   1,048,513,589
 1377    2,776,032         13     359,124,300   1,366,744,260   1,288,529,685
 1378    2,778,048         13   4,123,204,442   1,597,813,157   1,511,769,077
 1379    2,780,064         13   3,592,317,288   1,843,500,678   1,751,719,638
 1380    2,782,080         13   3,061,430,134   1,805,089,639   1,991,735,734
 1381    2,784,096         13   2,530,542,980   1,767,723,080   2,214,974,870
 1382    2,786,112         13   1,999,655,826   1,996,698,921   2,454,925,431
 1383    2,788,128         13   1,468,768,672   1,974,999,562   2,694,941,527
 1384    2,790,144         13     937,881,518   1,936,654,058   2,934,957,623
 1385    2,792,160         13     406,994,364   2,166,674,379   3,158,131,224
 1386    2,794,176         13   4,171,074,506   2,413,410,476   3,398,147,576
 1387    2,796,192         13   3,640,187,352   2,374,999,437   3,638,163,672
 1388    2,798,208         13   3,109,300,198   2,605,019,758   3,861,337,273
 1389    2,800,224         13   2,578,413,044   2,583,320,399   4,101,353,369
 1390    2,802,240         13   2,047,525,890   2,812,300,320      46,402,170
 1391    2,804,256         13   1,516,638,736   2,774,933,761     269,641,306
 1392    2,806,272         13     985,751,582   2,736,522,977     509,657,402
 1393    2,808,288         13     454,864,428   2,982,275,778     749,607,963
 1394    2,810,304         13   4,218,944,570   3,212,300,195     989,624,315
 1395    2,812,320         13   3,688,057,416   3,174,933,636   1,212,863,451
 1396    2,814,336         13   3,157,170,262   3,420,621,157   1,452,814,012
 1397    2,816,352         13   2,626,283,108   3,382,210,118   1,692,830,108
 1398    2,818,368         13   2,095,395,954   3,344,843,559   1,916,069,244
 1399    2,820,384         13   1,564,508,800   3,573,819,400   2,156,019,805
 1400    2,822,400         13   1,033,621,646   3,552,120,296   2,396,035,901
 1401    2,824,416         13     502,734,492   3,514,819,017   2,619,275,037
 1402    2,826,432         13   4,266,814,634   4,012,230,314   2,859,225,854
 1403    2,828,448         13   3,735,927,480   3,990,530,955   3,099,241,950
 1404    2,830,464         13   3,205,040,326   4,220,551,276   3,322,415,551
 1405    2,832,480         13   2,674,153,172   4,182,140,237   3,562,431,647
 1406    2,834,496         13   2,143,266,018   4,160,440,878   3,802,447,743
 1407    2,836,512         13   1,612,378,864     111,226,639   4,042,398,304
 1408    2,838,528         13   1,081,491,710      73,860,335   4,265,637,440
 1409    2,840,544         13     550,604,556      35,518,656     210,751,776
 1410    2,842,560         13      19,717,402     281,206,177     450,702,337
 1411    2,844,576         13   3,783,797,544     512,275,074     673,941,729
 1412    2,846,592         13   3,252,910,390     473,864,035     913,957,825
 1413    2,848,608         13   2,722,023,236     719,551,556   1,153,908,386
 1414    2,850,624         13   2,191,136,082     682,184,997   1,377,147,522
 1415    2,852,640         13   1,660,248,928     643,773,958   1,617,163,618
 1416    2,854,656         13   1,129,361,774     872,750,054   1,857,114,179
 1417    2,856,672         13     598,474,620     851,115,975   2,097,130,275
 1418    2,858,688         13      67,587,466   1,081,136,296   2,320,303,876
 1419    2,860,704         13   3,831,667,608   1,311,160,713   2,560,320,228
 1420    2,862,720         13   3,300,780,454   1,289,461,354   2,800,336,324
 1421    2,864,736         13   2,769,893,300   1,519,481,675   3,023,509,925
 1422    2,866,752         13   2,239,006,146   1,481,070,636   3,263,526,021
 1423    2,868,768         13   1,708,118,992   1,459,371,277   3,503,542,117
 1424    2,870,784         13   1,177,231,838   1,689,391,853   3,726,715,718
 1425    2,872,800         13     646,344,684   1,651,046,094   3,966,731,814
 1426    2,874,816         13     115,457,530   1,612,635,055   4,206,747,910
 1427    2,876,832         13   3,879,537,672   2,127,806,592     135,020,007
 1428    2,878,848         13   3,348,650,518   2,089,395,553     375,036,103
 1429    2,880,864         13   2,817,763,364   2,050,984,514     615,052,199
 1430    2,882,880         13   2,286,876,210   2,296,672,035     855,002,760
 1431    2,884,896         13   1,755,989,056   2,259,305,476   1,078,241,896
 1432    2,886,912         13   1,225,101,902   2,488,281,572   1,318,192,457
 1433    2,888,928         13     694,214,748   2,449,870,533   1,558,208,553
 1434    2,890,944         13     163,327,594   2,429,280,934   1,781,447,689
 1435    2,892,960         13   3,927,407,736   2,926,692,231   2,021,398,506
 1436    2,894,976         13   3,396,520,582   2,888,281,192   2,261,414,602
 1437    2,896,992         13   2,865,633,428   2,867,626,313   2,484,653,738
 1438    2,899,008         13   2,334,746,274   3,096,602,154   2,724,604,299
 1439    2,901,024         13   1,803,859,120   3,058,191,115   2,964,620,395
 1440    2,903,040         13   1,272,971,966   3,020,824,811   3,187,859,531
 1441    2,905,056         13     742,084,812   3,266,512,332   3,427,810,092
 1442    2,907,072         13     211,197,658   3,228,166,573   3,667,826,188
 1443    2,909,088         13   3,975,277,800   3,458,190,990   3,907,842,540
 1444    2,911,104         13   3,444,390,646   3,704,922,991   4,131,016,141
 1445    2,913,120         13   2,913,503,492   3,666,516,032      76,130,477
 1446    2,915,136         13   2,382,616,338   3,895,491,873     316,081,038
 1447    2,917,152         13   1,851,729,184   3,874,836,994     539,320,174
 1448    2,919,168         13   1,320,842,030   3,836,426,210     779,336,270
 1449    2,921,184         13     789,954,876   4,065,402,051   1,019,286,831
 1450    2,923,200         13     259,067,722   4,028,100,772   1,242,525,967
 1451    2,925,216         13   4,023,147,864   4,274,836,869   1,482,542,319
 1452    2,927,232         13   3,492,260,710     225,622,630   1,722,492,880
 1453    2,929,248         13   2,961,373,556     187,211,591   1,962,508,976
 1454    2,931,264         13   2,430,486,402     166,556,712   2,185,748,112
 1455    2,933,280         13   1,899,599,248     395,532,553   2,425,698,673
 1456    2,935,296         13   1,368,712,094     357,121,769   2,665,714,769
 1457    2,937,312         13     837,824,940     319,755,210   2,888,953,905
 1458    2,939,328         13     306,937,786     565,508,011   3,128,904,466
 1459    2,941,344         14   3,717,093,159   3,722,999,154     660,049,629
 1460    2,943,360         14   3,186,206,005   3,684,588,115     900,065,725
 1461    2,945,376         14   2,655,318,851   3,913,563,956   1,140,016,286
 1462    2,947,392         14   2,124,431,697   3,876,197,397   1,363,255,422
 1463    2,949,408         14   1,593,544,543   3,854,563,573   1,603,271,518
 1464    2,951,424         14   1,062,657,389   4,083,539,414   1,843,222,079
 1465    2,953,440         14     531,770,235   4,046,172,855   2,066,461,215
 1466    2,955,456         14         883,081      13,670,296   2,306,411,776
 1467    2,957,472         14   3,764,963,223     243,694,713   2,546,428,128

1000 difficulty periods pre-solved.
Each nonce = genesis_nonce - accumulated_rotation mod 2^32
The future is determined. x^2 = x + 1.
